o	C1	C2	C3	C4	C5	C6	C7	C8	C9	C10	C11	C12	
G1	1	1	1	0	1	1	0	1	0	1	1	0	
G2	1	0	0	1	1	1	1	1	1	1	1	0	
G3	0	0	0	0	0	0	1	1	0	1	0	0	
G4	0	1	1	0	1	1	0	1	1	1	1	0	
G5	0	1	0	0	1	0	0	0	0	0	1	0	
G6	0	1	1	1	1	1	1	0	0	1	1	0	
G7	1	0	1	0	0	0	0	1	0	0	1	0	
G8	0	0	0	1	0	1	1	1	1	1	1	0	
G9	1	1	1	0	1	1	0	1	0	0	1	1	
G10	0	0	0	1	1	0	0	0	0	0	0	1	
G11	1	0	1	0	1	0	1	1	1	0	1	1	
G12	0	1	0	0	0	0	1	1	1	0	0	0	
G13	0	0	1	0	0	1	1	0	1	0	0	0	
G14	0	1	0	1	0	0	1	0	1	0	1	1	
G15	0	1	1	0	1	1	0	1	1	1	0	0	
G16	0	1	1	0	1	1	0	1	1	1	1	0	
G17	1	1	1	0	1	1	0	1	0	0	1	1	
G18	1	1	1	0	1	1	0	1	0	1	1	0	
G19	1	0	0	1	0	1	1	0	1	0	1	0	
G20	1	0	1	0	1	0	1	1	0	0	0	0	
